[1] 1
[1] 2
[1] 3
[1] 4
[1] 5
[1] 6
[1] 7
[1] 8
[1] 9
[1] 11
[1] 10
[1] 12
[1] 13
[1] 14
Loading required package: R6
[1] 15
Loading required package: R6
Loading required package: R6
Loading required package: R6
Loading required package: R6
Loading required package: R6
Loading required package: R6
Loading required package: R6
Loading required package: R6
Loading required package: R6
Loading required package: R6
Loading required package: R6
Loading required package: R6
Loading required package: R6
Loading required package: R6
[1] 1
[1] 1
[1] 1
[1] 1
[1] 2
[1] 3
[1] 2
[1] 3
[1] 2
[1] 3
[1] 2
[1] 3
[1] 1
[1] 1
[1] 2
[1] 3
[1] 1
[1] 1
[1] 1
[1] 1
[1] 2
[1] 3
[1] 1
[1] 2
[1] 3
[1] 2
[1] 3
[1] 2
[1] 3
[1] 1
[1] 1
[1] 2
[1] 3
[1] 2
[1] 3
[1] 2
[1] 3
[1] 1
[1] 2
[1] 3
[1] 1
[1] 3
[1] 4
[1] 2
[1] 3
[1] 2
[1] 3
[1] 3
[1] 4
[1] 3
[1] 4
[1] 3
[1] 4
[1] 3
[1] 4
[1] 3
[1] 4
[1] 3
[1] 4
[1] 3
[1] 4
[1] 3
[1] 4
[1] 3
[1] 4
[1] 3
[1] 4
[1] 3
[1] 4
[1] 3
[1] 4
[1] 3
[1] 4
[1] 3
[1] 4
[1] 4
[1] 5
[1] 4
[1] 5
[1] 4
[1] 5
[1] 4
[1] 5
[1] 4
[1] 5
[1] 4
[1] 5
[1] 4
[1] 5
[1] 4
[1] 5
[1] 4
[1] 5
[1] 4
[1] 5
[1] 4
[1] 5
[1] 4
[1] 5
[1] 4
[1] 5
[1] 4
[1] 5
[1] 4
[1] 5
[1] 5
[1] 6
[1] 5
[1] 6
[1] 5
[1] 6
[1] 5
[1] 6
[1] 5
[1] 6
[1] 5
[1] 6
[1] 5
[1] 6
[1] 5
[1] 6
[1] 5
[1] 6
[1] 5
[1] 6
[1] 5
[1] 6
[1] 5
[1] 6
[1] 5
[1] 6
[1] 5
[1] 6
[1] 5
[1] 6
[1] 6
[1] 7
[1] 6
[1] 7
[1] 6
[1] 7
[1] 6
[1] 7
[1] 6
[1] 7
[1] 6
[1] 7
[1] 6
[1] 7
[1] 6
[1] 7
[1] 6
[1] 7
[1] 6
[1] 7
[1] 6
[1] 7
[1] 6
[1] 7
[1] 6
[1] 7
[1] 6
[1] 7
[1] 6
[1] 7
[1] 7
[1] 8
[1] 7
[1] 8
[1] 7
[1] 8
[1] 7
[1] 8
[1] 7
[1] 8
[1] 7
[1] 8
[1] 7
[1] 8
[1] 7
[1] 8
[1] 7
[1] 8
[1] 7
[1] 8
[1] 7
[1] 8
[1] 7
[1] 8
[1] 7
[1] 8
[1] 7
[1] 8
[1] 7
[1] 8
